a : -4656.573242
b : 8008.432617
max : 240000.000000
min : 22899.000000
